0.834162
0.034818
-0.004820
-0.007603
-0.001853
-0.000658
-0.000712
-0.000905
-0.000962
-0.000974
-0.000983
-0.000990
-0.000996
-0.000047
0.000896
-0.000779
-0.000903
-0.000885
-0.000835
-0.000824
-0.000822
-0.000818
-0.000813
-0.000808
-0.000806
-0.000802
-0.000797
-0.000796
-0.000792
-0.000788
-0.000785
-0.000781
-0.000779
-0.000775
-0.000773
-0.000769
-0.000765
-0.000764
-0.000760
-0.000757
-0.000755
-0.000752
-0.000749
-0.000746
-0.000742
-0.000740
-0.000737
-0.000734
-0.000731
-0.000728
-0.000726
-0.000722
-0.000720
-0.000718
-0.000714
-0.000712
-0.000709
-0.000706
-0.000704
-0.000701
-0.000698
-0.000696
-0.000692
-0.000691
-0.000687
-0.000685
-0.000682
-0.000683
-0.000674
-0.000674
-0.000672
-0.000669
-0.000667
-0.000663
-0.000663
-0.000659
-0.000655
-0.000654
-0.000652
-0.000649
-0.000338
-0.024754
-0.036812
-0.029600
-0.017711
-0.006668
-0.003327
-0.007732
-0.008296
-0.006076
-0.011112
-0.003796
-0.001126
0.001784
0.003268
0.003867
0.003654
0.002902
0.001921
0.000434
-0.003801
-0.011897
-0.009338
-0.003091
0.005109
0.009653
0.006076
0.001318
-0.012669
-0.017413
-0.012458
0.004104
0.016631
0.009923
0.015880
0.000674
-0.015805
-0.033505
-0.031173
0.003007
0.019645
0.028455
0.001416
-0.006025
-0.002209
0.005358
0.004658
-0.005998
0.004269
0.005365
0.006375
-0.007842
-0.007591
-0.006160
0.002083
0.010435
0.004607
-0.002873
-0.003749
-0.005021
-0.001397
0.003828
-0.000604
-0.010599
0.003285
0.002269
-0.002061
0.002931
-0.004738
-0.006532
0.002978
0.000723
0.003249
-0.007131
-0.001501
0.000353
-0.004324
-0.005522
0.004937
-0.000993
-0.000639
-0.001301
-0.001042
-0.000639
-0.000086
0.000417
0.000783
0.000957
0.000938
0.000761
0.000487
0.000184
-0.000089
-0.000288
-0.000394
-0.000405
-0.000338
-0.000224
-0.000092
0.000031
0.000123
0.000172
0.000179
0.000151
0.000100
0.000044
-0.000013
-0.000060
-0.000084
-0.000089
-0.000077
-0.000051
-0.000024
0.000004
0.000023
0.000035
0.000034
0.000044
0.000024
0.000010
-0.000004
-0.000017
-0.000020
-0.000021
-0.000020
-0.000011
-0.000002
0.000004
0.000009
0.000010
0.000010
0.000008
0.000004
0.000001
-0.000001
-0.000005
-0.000005
-0.000006
-0.000005
-0.000003
-0.000001
-0.000000
0.000001
0.000003
0.000004
0.000003
-0.000000
0.000006
-0.000000
-0.000001
-0.000002
-0.000003
-0.000003
-0.000003
-0.000002
0.000002
0.000002
0.000001
0.000007
0.000001
0.000003
-0.000002
-0.000004
-0.000007
-0.000006
-0.000002
0.000000
0.000002
0.000035
0.000004
-0.000003
-0.000017
-0.000028
-0.000008
-0.000005
0.000004
0.000008
0.000012
0.000011
0.000008
0.000003
0.000001
-0.000004
-0.000003
0.000012
-0.000004
-0.000007
-0.000015
-0.000009
-0.000009
0.000001
0.000004
0.000008
0.000004
0.000007
0.000006
0.000004
0.000001
-0.000001
-0.000002
-0.000004
-0.000004
0.000021
-0.000002
-0.000003
-0.000010
-0.000012
-0.000009
-0.000006
-0.000000
0.000003
0.000006
0.000007
0.000008
0.000006
0.000002
0.000000
-0.000002
-0.000003
-0.000003
-0.000003
0.000012
0.000010
-0.000002
-0.000008
-0.000010
-0.000010
-0.000007
-0.000003
-0.000001
0.000005
0.000006
0.000022
0.000005
-0.000000
-0.000005
-0.000007
-0.000008
-0.000019
-0.000003
0.000002
0.000008
0.000008
0.000009
0.000007
0.000004
0.000001
0.000001
-0.000004
-0.000005
-0.000002
-0.000005
-0.000004
-0.000003
-0.000002
0.000015
0.000002
0.000006
-0.000006
-0.000006
-0.000006
-0.000005
-0.000002
0.000000
0.000001
0.000002
0.000002
0.000003
0.000002
0.000003
0.000000
0.000003
-0.000001
-0.000001
-0.000002
-0.000002
-0.000002
-0.000001
-0.000001
0.000000
-0.000003
0.000000
0.000002
0.000003
0.000003
0.000002
-0.000009
-0.000001
0.000001
0.000004
0.000004
0.000004
0.000004
0.000001
-0.000001
-0.000003
-0.000004
-0.000005
0.000000
-0.000001
-0.000000
-0.000000
-0.000001
-0.000000
0.000001
0.000002
0.000001
-0.000001
0.000001
0.000001
-0.000005
0.000000
0.000001
0.000002
0.000023
0.000002
0.000029
-0.000009
-0.000018
-0.000010
-1.000000
-0.470170
0.007537
0.007709
0.007177
0.000754
0.000518
0.000705
0.000894
0.000921
0.000929
0.000936
0.000944
0.000952
0.001055
0.001147
0.001145
0.001149
0.001143
0.001141
0.001138
0.001136
0.001134
0.001130
0.001129
0.001126
0.001122
0.001120
0.001116
0.001124
0.001140
0.001146
0.001147
0.001149
0.001151
0.001153
0.001154
0.001156
0.001157
0.001158
0.001160
0.001161
0.001162
0.001077
0.007504
0.051934
0.086645
0.098285
0.189434
0.196615
0.176233
0.230503
0.283737
0.189009
0.093901
-0.073401
-0.244123
-0.145841
-0.123379
-0.015901
-0.007811
-0.001146
0.004097
0.008998
0.013858
0.023092
0.032073
0.022298
0.048335
0.046262
0.046369
0.037826
0.046143
0.048202
0.045033
0.031650
-0.000311
-0.033345
-0.082725
-0.011896
0.016735
0.005831
-0.002761
-0.004684
0.002871
0.003436
0.003953
0.012702
-0.002363
-0.004292
0.003038
0.003458
0.003835
0.004049
0.012354
-0.003745
0.000255
0.007003
-0.000531
0.006232
0.005523
0.004673
0.002377
-0.000065
0.006828
0.007041
0.006151
0.003374
-0.001756
-0.006832
0.009679
0.004843
-0.004772
-0.006108
0.008147
0.001490
-0.000243
0.002525
0.001684
0.000262
0.006014
-0.003353
0.000760
-0.000765
0.000533
0.000462
0.000471
-0.000229
-0.000930
-0.001232
-0.000693
0.000494
0.001430
0.001718
0.000565
-0.001399
-0.002906
-0.002597
-0.000157
0.003135
-0.003444
-0.004740
0.002210
0.007353
0.000740
-0.005071
-0.001798
0.000865
-0.003334
-0.011571
0.006267
-0.002111
0.001043
-0.000392
-0.008336
-0.000743
0.002429
-0.002630
-0.003203
-0.003567
-0.002532
-0.001181
0.000282
0.001481
0.002184
-0.007398
0.000513
0.002025
0.004048
-0.005380
-0.006792
0.001417
0.004547
-0.002295
-0.003951
0.004011
-0.002752
-0.003247
0.005083
-0.001558
-0.002259
0.005735
-0.001362
-0.002458
0.005585
-0.002005
-0.003194
0.004497
-0.002542
-0.003393
0.004641
-0.002168
0.006518
-0.002578
0.005229
-0.003719
0.004243
-0.005125
0.002960
0.003710
0.004720
-0.004778
0.001345
0.001172
0.001959
0.001655
0.001112
0.000354
-0.000361
-0.000824
-0.001211
-0.001266
-0.001096
-0.000755
-0.000354
0.000032
0.000333
0.000511
0.000558
0.000492
0.000349
0.000170
-0.000004
-0.000144
-0.000223
-0.000247
-0.000220
-0.000156
-0.000076
0.000015
0.000060
0.000099
0.000109
0.000099
0.000072
0.000038
0.000003
-0.000026
-0.000041
-0.000046
-0.000042
0.000035
-0.000015
-0.000016
-0.000068
-0.000014
0.000005
0.000025
0.000032
0.000035
0.000031
0.000019
0.000007
-0.000005
-0.000020
-0.000017
-0.000016
-0.000010
-0.000006
-0.000001
0.000004
0.000006
0.000008
0.000007
0.000005
0.000003
-0.000001
-0.000022
-0.000009
0.000000
0.000009
0.000002
0.000011
0.000010
0.000029
0.000004
-0.000015
-0.000013
-0.000015
-0.000010
-0.000032
-0.000002
0.000007
0.000016
0.000017
0.000017
0.000002
0.000005
0.000001
-0.000008
-0.000003
-0.000004
-0.000020
-0.000004
-0.000001
0.000007
0.000010
0.000009
0.000006
0.000003
0.000001
-0.000003
-0.000005
-0.000006
-0.000015
-0.000004
0.000001
0.000007
0.000006
0.000007
0.000003
-0.000001
0.000001
-0.000002
-0.000003
-0.000002
-0.000001
-0.000002
-0.000000
0.000000
-0.000000
-0.000003
-0.000001
0.000001
0.000003
-0.000001
0.000002
-0.000008
0.000011
-0.000006
0.000004
0.000001
0.000003
0.000017
0.000001
-0.000005
-0.000007
-0.000012
-0.000008
-0.000005
0.000002
0.000002
0.000003
0.000003
0.000004
0.000002
0.000002
-0.000013
0.000000
0.000002
0.000005
0.000026
0.000002
-0.000002
-0.000011
-0.000015
-0.000010
-0.000006
-0.000001
0.000002
0.000005
0.000007
0.000007
0.000004
0.000003
0.000002
-0.000001
-0.000002
-0.000016
-0.000003
0.000000
0.000004
0.000009
0.000002
0.000004
0.000002
0.000002
-0.000002
-0.000004
-0.000009
-0.000004
0.000000
0.000001
0.000003
0.000003
0.000012
0.000003
-0.000001
-0.000010
-0.000006
-0.000014
-0.000003
0.000006
0.000006
0.000005
0.000005
0.000004
0.000003
-0.000000
-0.000002
0.156935
0.097114
-0.006329
-0.006031
-0.003030
-0.000468
-0.000492
-0.000648
-0.000731
-0.000744
-0.000750
-0.000756
-0.000763
-0.000765
-0.000768
-0.000771
-0.000771
-0.000771
-0.000770
-0.000770
-0.000767
-0.000766
-0.000765
-0.000762
-0.000759
-0.000758
-0.000755
-0.000753
-0.000750
-0.000747
-0.000744
-0.000742
-0.000738
-0.000736
-0.000735
-0.000731
-0.000728
-0.000725
-0.000723
-0.000719
-0.000717
-0.000714
-0.000711
-0.000709
-0.000706
-0.000704
-0.000701
-0.000698
-0.000695
-0.000694
-0.000690
-0.000687
-0.000685
-0.000682
-0.000680
-0.000677
-0.000674
-0.000672
-0.000670
-0.000666
-0.000664
-0.000661
-0.000658
-0.000656
-0.000653
-0.000651
-0.000650
-0.000343
-0.025026
-0.043270
-0.019904
-0.015409
-0.018592
-0.005997
-0.005833
-0.011530
-0.005166
-0.004071
-0.001148
0.001502
0.003366
0.003842
0.003508
0.002597
0.001494
0.000464
-0.001428
-0.005278
-0.007609
-0.007433
-0.001865
0.003853
0.007438
0.006471
-0.002971
-0.011263
-0.015098
-0.008744
0.002591
0.015384
0.017400
0.012589
-0.007058
-0.016647
-0.026898
-0.017547
0.001286
0.017314
0.026786
0.000093
-0.002426
-0.010339
-0.009617
-0.002437
0.009525
0.006656
-0.003790
0.002982
-0.006765
-0.020630
0.002981
0.007434
-0.000998
-0.003612
0.002918
-0.003833
0.005189
-0.003437
-0.003844
-0.005322
0.005301
-0.000825
-0.000535
-0.001441
-0.001289
-0.000953
-0.000296
0.000174
0.000616
0.000869
0.000937
0.000831
0.000604
0.000317
0.000028
-0.000196
-0.000340
-0.000394
-0.000361
-0.000260
-0.000144
-0.000022
0.000079
0.000144
0.000169
0.000158
0.000119
0.000043
0.000009
-0.000004
-0.000057
-0.000074
-0.000079
-0.000064
-0.000044
-0.000018
0.000006
0.000023
0.000033
0.000034
0.000029
0.000008
0.000009
-0.000000
-0.000039
-0.000016
-0.000003
0.000007
-0.000010
0.000012
0.000014
0.000015
0.000010
0.000006
-0.000002
-0.000006
-0.000010
-0.000011
0.000022
-0.000008
-0.000028
-0.000016
-0.000012
-0.000003
0.000006
0.000010
0.000013
0.000012
0.000008
0.000057
0.000000
