0.834583
0.034687
-0.005028
-0.007563
-0.001918
-0.000641
-0.000766
-0.000856
-0.001043
-0.000956
-0.001012
-0.000985
-0.000954
-0.000115
0.000974
-0.000736
-0.001030
-0.000860
-0.000852
-0.000894
-0.000620
-0.000888
-0.000741
-0.000806
-0.000869
-0.000856
-0.000875
-0.000739
-0.000778
-0.000646
-0.000861
-0.000546
-0.001064
-0.000790
-0.000880
-0.000816
-0.000588
-0.000763
-0.000656
-0.000926
-0.000713
-0.000765
-0.000515
-0.000898
-0.000932
-0.000548
-0.000790
-0.000763
-0.000676
-0.000708
-0.000687
-0.000759
-0.000793
-0.000649
-0.000722
-0.000743
-0.000653
-0.000866
-0.000611
-0.000687
-0.000647
-0.000762
-0.000784
-0.000693
-0.000568
-0.000687
-0.000738
-0.000653
-0.000641
-0.000687
-0.000705
-0.000642
-0.000687
-0.000625
-0.000675
-0.000687
-0.000611
-0.000699
-0.000610
-0.000713
-0.000279
-0.024746
-0.037845
-0.030158
-0.018296
-0.005393
-0.004733
-0.012279
-0.016065
-0.006448
-0.013335
-0.007759
-0.003166
0.001929
-0.001122
0.000645
0.003407
0.002948
0.000544
-0.002387
-0.006182
-0.012266
-0.009616
-0.003907
0.004127
0.010318
0.004169
0.000091
-0.013412
-0.017988
-0.012602
0.002926
0.012338
0.008850
0.016701
0.000158
-0.017780
-0.033200
-0.031243
0.002880
0.002846
0.030867
0.000999
-0.004649
-0.002064
0.003236
0.004701
-0.005619
0.006285
0.005407
0.003901
-0.005044
-0.007568
-0.002694
0.001600
0.006505
0.004446
-0.001261
-0.003567
-0.004414
-0.001737
0.003919
-0.000260
-0.014609
0.003079
0.002428
-0.001124
0.002786
-0.004604
-0.006904
0.002964
0.000859
0.003102
-0.005990
-0.000330
0.000579
-0.004988
-0.005927
0.004287
-0.000839
-0.000886
-0.000015
-0.001186
-0.000610
0.000003
0.000616
0.000814
0.001117
0.000995
0.000948
0.000831
0.000010
-0.000191
-0.000338
0.000348
0.000142
-0.000764
-0.000281
-0.000169
0.000401
0.000128
0.000096
0.000188
0.000361
0.000266
0.000112
0.000203
0.000004
-0.000148
-0.000171
-0.000207
0.000113
0.000243
0.000049
-0.000379
0.000095
0.000091
0.000117
0.000004
0.000115
-0.000045
0.000091
0.000004
-0.000081
0.000071
0.000138
0.000350
0.000002
0.000023
0.000222
0.000156
0.000004
0.000122
0.000137
0.000070
0.000008
0.000093
0.000049
0.000135
0.000223
-0.000274
0.000091
0.000195
0.000049
0.000071
0.000047
0.000215
0.000089
-0.000452
0.000026
0.000100
0.000089
-0.000574
0.000158
-0.000275
0.000001
0.000115
0.000176
0.000111
0.000060
-0.000086
0.000092
0.000092
0.000049
0.000157
0.000005
0.000086
0.000179
-0.000029
0.000282
0.000090
0.000048
0.000026
0.000224
0.000043
0.000114
0.000115
-0.000283
0.000003
0.000156
0.000154
0.000201
0.000103
-0.000524
0.000067
0.000023
0.000023
0.000180
0.000159
0.000201
0.000222
0.000027
0.000178
-0.000555
0.000113
0.000025
0.000178
0.000006
0.000157
0.000202
0.000202
-0.000180
0.000045
-0.000144
0.000115
0.000071
-0.000400
0.000201
0.000068
-0.000066
0.000045
0.000136
0.000002
0.000069
0.000115
0.000045
0.000025
0.000093
0.000114
0.000136
0.000115
0.000179
-0.000141
0.000251
-0.000048
0.000177
0.000135
0.000045
0.000179
-0.000327
0.000090
0.000158
0.000045
0.000112
0.000069
0.000223
0.000026
0.000111
0.000026
0.000092
0.000179
0.000203
0.000038
0.000026
0.000156
0.000182
0.000003
-0.000068
-0.000240
0.000001
0.000002
0.000136
0.000257
0.000195
-0.000105
0.000111
0.000025
0.000115
0.000115
0.000001
0.000116
-0.000214
0.000158
0.000022
0.000133
0.000028
0.000024
0.000112
0.000156
0.000003
0.000004
-0.000050
0.000156
0.000368
0.000070
0.000505
0.000071
0.000138
0.000214
-0.000316
0.000135
-0.000130
0.000023
-0.000045
0.000116
0.000001
0.000046
0.000260
0.000304
-0.000104
0.000001
0.000224
0.000181
0.000136
-0.000552
0.000187
0.000023
0.000202
0.000045
-0.000052
-0.000126
0.000223
0.000091
0.000115
0.000424
0.000240
0.000114
0.000046
0.000070
0.000089
0.000133
0.000113
-0.000092
0.000087
0.000137
0.000049
0.000179
0.000158
0.000027
0.000122
-1.000000
-0.419424
0.006323
0.007226
0.007511
0.000866
0.000374
0.000784
0.000840
0.000931
0.000888
0.000970
0.000602
0.001302
0.001245
0.000976
0.001123
0.001059
0.001242
0.001247
0.001018
0.001085
0.001222
0.001034
0.001225
0.001142
0.001332
0.000926
0.001093
0.001042
0.001203
0.001177
0.001138
0.001199
0.001089
0.001166
0.001092
0.001274
0.001153
0.001054
0.001216
0.001108
0.001207
0.001057
0.001717
0.052106
0.086897
0.101293
0.189768
0.196409
0.176342
0.230672
0.283864
0.189065
0.091747
-0.073265
-0.244133
-0.145360
-0.123679
-0.010043
-0.003190
0.003062
0.007342
0.019249
0.014063
0.023265
0.032862
0.022209
0.048445
0.046083
0.046435
0.026748
0.046256
0.048154
0.045153
0.031678
-0.001433
-0.033177
-0.082079
-0.003992
0.022228
0.006517
-0.000164
-0.004850
0.002351
0.002813
0.003133
0.012641
-0.002694
-0.004380
0.002926
0.003800
0.003136
0.003044
0.011911
-0.004064
0.000047
0.006653
-0.000287
0.005699
0.004765
0.004873
0.001442
-0.000272
0.007924
0.008520
0.009634
0.002889
-0.002322
-0.010112
0.009779
0.002007
-0.004657
-0.006275
0.007883
0.000892
-0.000962
0.004225
0.001630
0.000158
0.007650
-0.002414
0.000670
-0.001156
0.000696
0.000450
0.000409
-0.000805
-0.000894
-0.001570
-0.000703
0.000064
0.001633
0.001782
0.000588
-0.001260
-0.002316
-0.002243
-0.000094
0.003402
-0.003962
-0.004173
0.001943
0.004870
0.000753
-0.005059
-0.002379
0.000975
-0.002930
-0.013052
0.006197
-0.001462
0.001203
-0.000096
-0.009275
-0.000761
0.001899
-0.000882
-0.002872
-0.004382
-0.001635
-0.001120
0.000233
0.001062
0.002153
-0.007633
0.000420
0.001348
0.004056
-0.005477
-0.009738
0.001604
0.004531
-0.001504
-0.004293
0.006257
-0.001308
-0.002478
0.005207
-0.001383
-0.001463
0.003615
-0.000970
-0.003852
0.005781
-0.002553
-0.003627
0.002761
-0.002336
-0.003673
0.006506
-0.002256
0.006562
-0.005039
0.003082
-0.002698
0.003045
-0.006895
0.003001
0.003702
0.004274
-0.002684
0.001718
0.001141
0.002654
0.001069
0.000996
0.000057
-0.000033
-0.000783
-0.001466
-0.000591
-0.001475
-0.000646
-0.000305
0.000292
0.000299
0.000722
0.000064
0.000257
0.000257
0.000208
0.000159
-0.000100
-0.000113
-0.000580
-0.000105
0.000020
0.000274
0.000113
0.000357
0.000137
0.000196
0.000028
0.000029
0.000158
-0.000298
0.000138
0.000182
0.000045
0.000060
0.000179
0.000026
-0.000057
0.000159
0.000093
0.000224
0.000159
0.000113
0.000310
0.000045
0.000381
0.000028
0.000072
0.000004
0.000109
0.000135
-0.000108
-0.000298
0.000322
0.000238
0.000094
0.000201
0.000115
0.000090
0.000048
0.000090
0.000238
0.000048
0.000112
-0.000227
0.000090
0.000198
0.000135
0.000111
-0.000134
0.000000
-0.000587
0.000182
-0.000562
0.000202
0.000178
0.000195
0.000661
0.000134
0.000067
0.000203
0.000233
0.000063
0.000202
0.000312
0.000179
0.000092
-0.000331
0.000000
0.000136
0.000117
0.000069
0.000025
0.000400
0.000027
0.000178
0.000182
0.000192
0.000082
-0.000021
0.000312
0.000069
0.000135
0.000031
0.000026
0.000201
0.000115
-0.000045
0.000213
0.000188
-0.000223
0.000245
0.000201
0.000069
0.000006
0.000115
0.000181
0.000093
0.000049
0.000001
0.000188
0.000114
0.000068
0.000089
0.000156
0.000149
0.000003
0.000136
0.000179
0.000223
-0.000103
0.000180
0.000004
-0.000377
0.000005
-0.000006
0.000049
0.000202
0.000001
0.000093
-0.000290
0.000003
0.000178
0.000049
0.000092
0.000114
0.000071
-0.000395
0.000005
-0.000348
0.000202
0.000212
-0.000053
0.000211
0.000182
0.000192
0.000047
0.000165
0.000004
-0.000201
0.000047
0.000201
0.000114
0.000069
0.000133
-0.000017
0.000223
0.000000
0.000160
0.000089
0.000047
0.000189
-0.000352
0.000135
0.000137
-0.000034
0.000159
-0.000270
0.000120
0.000113
0.000203
0.000115
0.000046
0.000049
0.000002
0.000201
0.000046
0.000249
0.000223
0.000181
-0.000039
0.000023
0.000002
0.000089
0.140013
0.104010
-0.025213
-0.007085
-0.003058
-0.000448
-0.000487
-0.000533
-0.000725
-0.000810
-0.000666
-0.000796
-0.000758
-0.000799
-0.000705
-0.000363
-0.001225
-0.000692
-0.000907
-0.000808
-0.000597
-0.000816
-0.000747
-0.000801
-0.000956
-0.000578
-0.000790
-0.000735
-0.000654
-0.000793
-0.000727
-0.000754
-0.000797
-0.000730
-0.000770
-0.000704
-0.000758
-0.000640
-0.000773
-0.000632
-0.000811
-0.000685
-0.000674
-0.000718
-0.000721
-0.000668
-0.000755
-0.000613
-0.000779
-0.000679
-0.000682
-0.000815
-0.000567
-0.000679
-0.000746
-0.000653
-0.000505
-0.000802
-0.000704
-0.000618
-0.000641
-0.000652
-0.000677
-0.000729
-0.000641
-0.000632
-0.000653
-0.000287
-0.018359
-0.043814
-0.018943
-0.012183
-0.018934
-0.012230
-0.007300
-0.011650
-0.013017
-0.004873
-0.001615
0.001978
-0.001447
-0.000135
-0.000331
-0.001057
-0.000899
-0.001138
-0.004231
-0.005205
-0.007591
-0.007541
-0.003125
0.002307
0.007447
0.004813
-0.003100
-0.012075
-0.019114
-0.016182
0.002568
0.015704
0.017310
0.013437
-0.007867
-0.016404
-0.026872
-0.012298
0.001681
0.016990
0.026737
-0.000092
-0.003220
-0.010106
-0.007546
-0.003407
0.009667
0.006627
-0.003890
0.002414
-0.007832
-0.020737
0.001720
0.010752
-0.000794
-0.004351
0.002537
-0.003077
0.003356
-0.002971
-0.004155
-0.004029
0.004851
-0.000753
-0.001035
-0.001305
-0.001293
-0.000039
-0.000319
0.000558
0.001045
0.000970
0.001034
0.000759
0.000597
0.000119
0.000001
-0.000126
-0.000481
-0.000868
-0.000084
-0.000523
0.000326
-0.000141
0.000067
0.000098
0.000216
-0.000278
0.000004
0.000084
0.000024
0.000202
0.000275
-0.000174
-0.000358
-0.000133
0.000026
0.000025
0.000070
0.000069
0.000244
0.000027
0.000223
0.000046
0.000114
0.000068
0.000046
0.000001
0.000073
0.000263
0.000158
0.000273
0.000091
0.000222
0.000219
0.000027
0.000134
0.000224
0.000152
0.000202
0.000160
0.000657
0.000031
-0.000030
-0.000008
-0.000514
0.000223
0.000219
0.000111
-0.000160
0.000227
0.000245
0.000049
