0
8.01506405801505e-05
0.00161776907059350
0.00581688169410701
0.0123200533722890
0.0206171794671016
0.0303137776636691
0.0411276772405531
0.0528368201976980
0.0652604546157337
0.0782512368352410
0.0916897644901946
0.105479462290391
0.119339778541923
0.132863292232221
0.146106442403239
0.159127838461200
0.171970382622442
0.184659342238919
0.197214588237984
0.209652547578709
0.221986809445105
0.234228422479534
0.246386347053377
0.258467866910014
0.270478918709639
0.282424340780551
0.294308077068848
0.306133358099495
0.317902827323416
0.329618651706739
0.341282624302656
0.352896229685923
0.364460702796125
0.375977075319026
0.387446212250725
0.398868841070963
0.410245586274920
0.421576995718067
0.432863533826223
0.444105604975607
0.455303577515762
0.466457777511159
0.477568492669155
0.488635986344071
0.499660506026535
0.510642290671585
0.521581562966860
0.532478527063838
0.543333381191431
0.554146319394229
0.564917528791330
0.575647187233085
0.586335471966746
0.596982555082649
0.607588600383328
0.618153775131936
0.628678243213605
0.639162164382738
0.649605699516627
0.660009005627809
0.670372240354726
0.680695564595578
0.690979133560434
0.701223103552210
0.711427627751415
0.721592856483744
0.731718942219657
0.741806035376897
0.751854268572788
0.761863793519008
0.771834776925218
0.781767368604138
0.791661717637122
0.801517968613274
0.811336270083958
0.821116764831199
0.830859594557555
0.840564914421743
0.850232874309470
0.859863613822047
0.869457273917411
0.879015716874652
0.888405885575298
0.897435445206841
0.905993135164685
0.914037129709393
0.921562996966641
0.928581370425514
0.935105438801613
0.941142066754262
0.946699884476291
0.951783777387498
0.956399879730604
0.960573882267319
0.964339990420917
0.967738034913619
0.970808751165658
0.973590544810118
0.976121533931155
0.978458814252389
0.980651997665074
0.982709821180504
0.984576648970698
0.986196141819628
0.987561731391930
0.988710992112566
0.989752589184523
0.990791216078249
0.991866342238113
0.992907141826103
0.993775103368712
0.994386222900630
0.994744415361623
0.994966516666800
0.995209348100331
0.995609019356839
0.996221610614354
0.996921560780495
0.997476242250875
0.997707620152013
0.997667625359120
0.997661683282955
0.997756277513984
0.997883438167163
0.997944639174761
0.997982959780110
0.998097008821632
0.998176226650052
0.998218040857429
0.998222300336748
0.998322915249204
0.998490176823454
0.998700646859961
0.998862968376950
0.998912621860973
0.998925497204344
0.998977679298632
0.999066889050749
0.999193913833625
0.999315660439142
0.999385672569492
0.999454040975287
0.999610975519219
0.999706154276256
0.999763206155544
0.999828543110774
0.999855081883964
0.999924574910322
1.00003560063534
1.00009317003004
1.00012910000465
1.00012570482150
1.00018353294844
1.00023786494112
1.00027230673130
1.00033234411413
1.00041150348320
1.00042122452478
1.00043072076009
1.00043600238461
1.00044460686135
1.00045324709632
1.00045828122428
1.00045560763538
1.00044266947352
1.00041888885342
1.00038570190802
1.00034605811107
1.00030369255599
1.00026234644188
1.00022511246153
1.00019401006417
1.00016982917105
1.00015222469014
1.00013999732402
1.00013147053918
1.00012487643669
1.00011868541215
1.00011182198970
1.00010374976728
1.00009444790037
1.00008429710236
1.00007391143148
1.00006396288971
1.00005503354620
1.00004751439837
1.00004156681976
1.00003713012605
1.00003395505793
1.00003167916701
1.00002991252497
1.00002830726367
1.00002661266520
1.00002469506449
1.00002253371263
1.00002019760929
1.00001780818309
1.00001549774983
1.00001340605510
1.00001164307288
1.00001024770981
1.00000920357679
1.00000844551483
1.00000788361361
1.00000742602886
1.00000698691357
1.00000650589963
1.00000596081868
1.00000535972169
1.00000473045536
1.00000411065464
1.00000353777012
1.00000304109853
1.00000263667749
1.00000232644380
1.00000210278835
1.00000194877987
1.00000184151578
1.00000175755301
1.00000167568161
1.00000158088726
1.00000146526830
1.00000132756263
1.00000117158989
1.00000100703755
1.00000084869330
1.00000070928098
1.00000059185139
1.00000050491385
1.00000045579052
1.00000043922592
1.00000044754505
1.00000046988590
1.00000049348339
1.00000050609734
1.00000049964676
1.00000047534100
1.00000044105643
1.00000040242466
1.00000037467029
1.00000037203527
1.00000039949411
1.00000045517158
1.00000052460029
1.00000058647333
1.00000061796224
1.00000060703784
1.00000055416607
1.00000046697581
1.00000041760923
1.00000047558070
1.00000063451956
1.00000084860395
1.00000102933470
1.00000111329103
1.00000108417198
1.00000094826334
1.00000073633501
1.00000049166923
1.00000025933324
1.00000007413915
0.999999953733344
0.999999901170995
0.999999906453811
0.999999952327316
1.00000005317995
1.00000021960789
1.00000042466887
1.00000062281731
1.00000076905848
1.00000083388372
1.00000080816651
1.00000070691267
1.00000055826822
1.00000038922830
1.00000022224253
1.00000008094449
0.999999981671996
0.999999930507743
0.999999923543412
0.999999950590127
0.999999997506861
1.00000004747642
1.00000013156573
1.00000028207640
1.00000048525352
1.00000071210530
1.00000091884109
1.00000106731409
1.00000113306789
1.00000111035937
1.00000101113078
1.00000085797160
1.00000067959112
1.00000050587901
1.00000036122437
1.00000025836965
1.00000019878622
1.00000017511006
1.00000017453467
1.00000018408592
1.00000019288633
1.00000021981390
1.00000030518261
1.00000045819756
1.00000065454245
1.00000085828857
1.00000103238491
1.00000114702958
1.00000118659854
1.00000114842459
1.00000104652184
1.00000090592567
1.00000078104364
1.00000072047852
1.00000072806700
1.00000078855651
1.00000087511694
1.00000095790200
1.00000098722137
1.00000092728130
1.00000078312492
1.00000057990723
1.00000035212793
1.00000013376965
0.999999954740081
0.999999833403880
0.999999775734450
0.999999781408834
0.999999840245105
0.999999931415278
1.00000003926550
1.00000014811338
1.00000023944780
1.00000030151665
1.00000032727201
1.00000034435121
1.00000038565302
1.00000046487498
1.00000057939924
1.00000070436426
1.00000081683100
1.00000089685971
1.00000093346562
1.00000092696093
1.00000088361271
1.00000081250155
1.00000072342626
1.00000062642202
1.00000053056111
1.00000044425495
1.00000037248886
1.00000032085585
1.00000029238506
1.00000028247951
1.00000028470630
1.00000029141364
1.00000029557381
1.00000029169620
1.00000027703933
1.00000025198494
1.00000021128594
1.00000014984987
1.00000007277069
0.999999990072286
0.999999913743098
0.999999853942866
0.999999796143771
0.999999721015674
0.999999629329906
0.999999531065708
0.999999442388718
0.999999377769708
0.999999349146623
0.999999361705603
0.999999411074434
0.999999487339218
0.999999577167467
0.999999662744602
0.999999735010560
0.999999794314198
0.999999839977328
0.999999872048677
0.999999889450337
0.999999891800331
0.999999882586832
0.999999868529550
0.999999855669577
0.999999844000806
0.999999832788062
0.999999824352010
0.999999809233628
0.999999778904099
0.999999737817921
0.999999693550223
0.999999693219137
0.999999778896107
1.00000000203883
1.00000038796824
1.00000087365836
1.00000139884086
0.999872660833095
0.998080952019834
0.993588491895020
0.986996297903466
0.978787845047866
0.969315135336480
0.958827871404455
0.947527600746817
0.935579176433031
0.923116915633136
0.910249515989843
0.897064490516917
0.883611749052632
0.869914770148538
0.855995496761853
0.841874602838561
0.827571390001108
0.813103727068338
0.798488147755420
0.783739941117342
0.768873250249690
0.753901155962299
0.738835756849452
0.723688240010610
0.708468951356011
0.693187457885981
0.677852601874032
0.662470263340531
0.647042239210333
0.631569733170847
0.616053931811885
0.600496004419876
0.584897100795811
0.569258351074888
0.553580866115628
0.537865737831785
0.522114039440501
0.506326825835710
0.490505133897498
0.474649982581295
0.458762373390300
0.442843290724908
0.426893702009030
0.410914543122943
0.394907821317315
0.378884225835397
0.362867787815231
0.346890029767546
0.330996108814560
0.315213883850504
0.299568162225893
0.284122270210274
0.269929759337474
0.258764823214714
0.251550934335058
0.247607212263157
0.244922289537412
0.242307956785415
0.239716937154082
0.237125055040997
0.234528276680340
0.231925162346327
0.229316333604144
0.226704135818941
0.224092542339139
0.221487869026348
0.218899435508289
0.216336251684951
0.213809967805473
0.211336112622130
0.208929605566297
0.206603655414792
0.204371207523186
0.202324007874235
0.200732643314115
0.199881518511859
0.199791023006116
0.199831927106286
0.199711316399851
0.199572636683330
0.199498432849877
0.199491420721043
0.199468815652863
0.199429618693916
0.199373820948690
0.199220666465953
0.199137381029494
0.199125584361754
0.199103655810189
0.199070635075632
0.199026507267016
0.198972584058421
0.198830820006029
0.198774830791536
0.198749419753048
0.198688110277426
0.198666961619392
0.198617054112468
0.198552272212778
0.198484694746132
0.198436305562254
0.198424862092908
0.198380916261353
0.198311146189973
0.198230271461839
0.198167053719341
0.198163513007404
0.198250036736122
0.198258093418390
0.198246007215746
0.198308014672907
0.198428614487268
0.198445266057459
0.198469432229355
0.198514238692198
0.198549753131306
0.198584141024228
0.198630440701270
0.198634258152745
0.198688570841425
0.198743972529022
0.198812780966684
0.198879246330918
0.198943500070738
0.199004968573533
0.199069530656203
0.199141620283003
0.199220960277857
0.199299779793118
0.199366475457746
0.199413114307859
0.199442708528194
0.199469071256193
0.199509829324442
0.199574287937783
0.199653021362256
0.199719813769852
0.199747384348604
0.199802920342372
0.199973516517355
0.200084321729491
0.200102501364296
0.200108173007081
0.200156226367175
0.200206216818469
0.200233330285105
0.200279614572523
0.200412672716562
0.200451918845293
0.200493239263998
0.200507633660645
0.200514021106295
0.200584526093064
0.200635447337121
0.200642642991653
0.200660937813179
0.200692730735092
0.200736520061328
0.200780504037429
0.200812014443091
0.200820613328663
0.200801102565872
0.200753930737973
0.200767456023716
0.200761046287434
0.200726216459288
0.200652412242910
0.200626958999113
0.200657810602541
0.200658250014323
0.200607772029571
0.200579973600379
0.200584543349313
0.200543303451728
0.200527607176530
0.200536018136296
0.200489118428330
0.200459456988800
0.200449542430520
0.200384517102492
0.200340985042464
0.200324192549033
0.200260334679529
0.200225401354222
0.200223435683105
0.200178676398288
0.200164217328833
0.200180583010156
0.200149149675016
0.200142017797820
0.200077087586265
0.200049258628958
0.199981126581083
0.199962480842788
0.199911962762005
0.199920692484328
0.199902453310000
0.199857380375117
0.199783623587372
0.199775442282871
0.199760908732919
0.199743324640033
0.199716652289898
0.199686263506952
0.199658301470019
0.199639327907727
0.199633827418781
0.199643515788457
0.199667230422822
0.199701701085816
0.199742316227183
0.199783991578474
0.199822241156993
0.199853870317601
0.199877309025834
0.199892574550934
0.199900963787851
0.199904567578476
0.199905739050704
0.199906619340464
0.199908798317587
0.199913145382693
0.199919805821311
0.199928327419250
0.199937883221148
0.199947516665490
0.199956350155142
0.199963743085564
0.199969372185803
0.199973257731964
0.199975670220387
0.199977017249624
0.199977768299537
0.199978356718229
0.199979113783382
0.199980232080963
0.199981761395411
0.199983628306305
0.199985682013850
0.199987745214476
0.199989651708686
0.199991401811780
0.199993043047161
0.199994524625784
0.199995700961714
0.199996442985685
0.199996765829513
0.199996756604712
0.199996546435424
0.199996275007446
0.199996069791837
0.199996019108535
0.199996158548442
0.199996476376088
0.199996911438208
0.199997386049946
0.199997837053948
0.199998218127932
0.199998503409498
0.199998685375919
0.199998776173060
0.199998801403274
0.199998792515551
0.199998779945884
0.199998786390577
0.199998825394994
0.199998897492794
0.199998955984131
0.199998944233076
0.199998851385056
0.199998701458888
0.199998519174846
0.199998330398908
0.199998174896210
0.199998124277642
0.199998232367153
0.199998466212300
0.199998763021056
0.199999065710357
0.199999328429408
0.199999475290688
0.199999450960328
0.199999277903512
0.199999011841904
0.199998722798441
0.199998475917162
0.199998302690115
0.199998211367603
0.199998207398844
0.199998271716846
0.199998378818289
0.199998511512649
0.199998623122177
0.199998671934590
0.199998652917449
0.199998580826674
0.199998491371032
0.199998421477180
0.199998396552468
0.199998429333305
0.199998522247552
0.199998666185332
0.199998841946734
0.199999025775535
0.199999176463147
0.199999261079305
0.199999278831860
0.199999249230648
0.199999200680221
0.199999159517540
0.199999144390098
0.199999158427508
0.199999199814958
0.199999264697036
0.199999341787325
0.199999420487779
0.199999494967461
0.199999559865086
0.199999612350119
0.199999653159265
0.199999682978935
0.199999697252175
0.199999689418845
0.199999660847155
0.199999620722585
0.199999574103429
0.199999523689706
0.199999457664542
0.199999383842751
0.199999312910270
0.199999241763499
0.199999180205908
0.199999135928749
0.199999145306316
0.199999237734395
0.199999399667961
0.199999603045279
0.199999809934023
0.199999983072357
0.200000099328877
0.200000157300264
0.200000169069605
0.200000146585529
0.200000103949716
0.200000056202676
0.200000014348094
0.199999984662612
0.199999945352758
0.199999874044857
0.199999777588617
0.199999670836954
0.199999613252259
0.199999654525846
0.199999787698925
0.199999980674517
0.200000179272204
0.200000336235604
0.200000425901000
0.200000440274945
0.200000385386087
0.200000277825941
0.200000142948474
0.200000007999210
0.199999893553228
0.199999812061667
0.199999769584155
0.199999764985854
0.199999790670951
0.199999811340507
0.199999793080989
0.199999733305616
0.199999642522797
0.199999547222220
0.199999468345711
0.199999416040517
0.199999398462272
0.199999420527410
0.199999480096997
0.199999563258200
0.199999643711111
0.199999697768793
0.199999720940107
0.199999718600972
0.199999700014774
0.199999676873991
0.199999678239739
0.199999729612086
0.199999829589656
0.199999954177640
0.200000071992474
0.200000144647977
0.200000144156242
0.200000082841730
0.199999987527705
0.199999881046938
0.199999783781567
0.199999711750708
0.199999675306515
0.199999676803027
0.199999709644911
0.200765890083791
0.203330953291736
0.207818252259160
0.213791973909789
0.220918319723406
0.228957489412934
0.237728923285674
0.247085758650147
0.256908076242650
0.267098491508997
0.277578228381633
0.288283582791406
0.299163019837900
0.310174857192622
0.321285394408516
0.332467375120286
0.343698763899408
0.354961757054761
0.366241974161322
0.377527804922398
0.388809887931559
0.400080677772480
0.411334091738558
0.422565237061862
0.433770191822453
0.444945811587933
0.456089579359878
0.467199486143581
0.478273937106172
0.489311675159196
0.500311712076285
0.511273280560288
0.522195793240388
0.533078806076653
0.543921980211864
0.554725069717876
0.565487909891887
0.576210400687482
0.586892488754237
0.597534159890160
0.608135434123631
0.618696357059894
0.629216998944502
0.639697446132391
0.650137794303955
0.660538146516650
0.670898615999580
0.681219327097331
0.691500411931382
0.701741997182937
0.711944212477176
0.722107197635127
0.732231094352525
0.742316046495437
0.752362196100694
0.762369684101068
0.772338656975817
0.782269261696771
0.792161637343810
0.802015925778872
0.811832274499868
0.821610828988812
0.831351737272806
0.841055146153132
0.850721200422609
0.860350047695680
0.869941825931395
0.879498364365360
0.888885068490866
0.897897113715991
0.906431400533772
0.914459937086598
0.921973485835132
0.928973808595803
0.935467935707416
0.941461824693102
0.946961448396838
0.951973947629796
0.956518799795934
0.960631452900912
0.964353213250857
0.967726648699646
0.970791404070435
0.973581835133500
0.976135905519731
0.978503731903770
0.980715539819836
0.982764452191065
0.984612902241729
0.986228948881332
0.987605833697514
0.988792694507709
0.989887062653791
0.990981414608078
0.992092780566073
0.993139647080813
0.994006233122519
0.994626235215813
0.995006790062892
0.995264346279621
0.995596811745204
0.996150352298880
0.996908498867271
0.997702451301022
0.998331470898204
0.998672414540208
0.998716806864602
0.998770067329053
0.998851676279599
0.999023278201442
0.999254535783306
0.999463728419000
0.999547776696678
0.999541209365680
0.999577703593049
0.999585754455570
0.999658268025822
0.999855612042033
0.999981742099066
1.00001279907179
1.00004503252670
1.00010073706213
1.00011602215882
1.00016284059056
1.00015012886882
1.00016793555037
1.00021276111327
1.00029065072807
1.00029847502634
1.00030710875691
1.00031354236560
1.00032615172087
1.00034194271093
1.00035696566231
1.00036618317155
1.00036584759345
1.00035435155181
1.00033230931570
1.00030199277910
1.00026679663475
1.00023045791749
1.00019636185082
1.00016701714408
1.00014378364595
1.00012684487213
1.00011541304798
1.00010807257735
1.00010314717852
1.00009904765322
1.00009455413892
1.00008894324366
1.00008199105872
1.00007390676584
1.00006519305607
1.00005648321357
1.00004838846368
1.00004137908411
1.00003567479951
1.00003127621475
1.00002809629319
1.00002592894865
1.00002445336161
1.00002333190683
1.00002227169142
1.00002106758679
1.00001961544425
1.00001791206006
1.00001603061698
1.00001408828457
1.00001221373577
1.00001051953448
1.00000906033163
1.00000784874579
1.00000688213764
1.00000606765659
1.00000529169218
1.00000451734670
1.00000375219214
1.00000298970744
1.00000223419618
1.00000153317657
1.00000093594107
1.00000048019862
1.00000018540388
1.00000004801490
1.00000004236448
1.00000012839932
1.00000025921506
1.00000045295368
1.00000073093593
1.00000101975926
1.00000123778796
1.00000133833552
1.00000130214184
1.00000114504182
1.00000090561010
1.00000063317561
1.00000037676820
1.00000017251009